7 	11 	33 	60 	68 	15 	
32 	39 	51 	62 	75 	14 	
23 	28 	37 	56 	71 	12 	
3 	6 	29 	30 	64 	3 	
3 	14 	27 	62 	72 	4 	
17 	37 	53 	54 	61 	8 	
8 	42 	54 	63 	67 	11
7 9 24 41 53            14
20 31 54 56 59          3
10 44 58 74 75          11
11  20  40  41  59 	15				 	
6  10  44  47  54 	6				 	
14  16  23  49  53 	12				 	
6  21  33  39  43 	2				 	
2  28  30  38  39 	11				 	
21  30  39  60  69 	15				 	
1  12  14  48  65 	2				 	
1  8  15  36  43 	6				 	
2  15  26  34  41 	14				 	
19  27  47  67  68 	1				 	
13  34  48  53  63 	12				 	
3  33  35  49  51 	1				 	
22  33  49  51  59 	8				 	
44  47  49  69  75 	10				 	
1  43  45  66  69 	7				 	
31  32  49  55  58 	15				
9  17  23  57  71 	6				
16  40  47  53  59 	11				
46  48  53  61  74 	12				
10  29  32  44  46 	10				
19  24  31  39  45 	13				
7  38  46  57  66 	2				
8  9  24  49  67 	13				
12  43  44  48  66 	3				
7  24  28  65  74 	1				
7  27  60  64  74 	5				
36  39  42  45  48 	3				
24  37  42  50  65 	14				
18  29  30  54  66 	1				
21  30  47  50  57 	9				
14  16  26  53  72 	4				
1  5  8  25  62 	14				
2  22  34  62  72 	2				
13  21  28  34  40 	15				
6  15  17  39  56 	15				
1  34  43  44  63 	11				
25  37  58  69  75 	8				
22  28  41  46  60 	3				
28  32  41  51  71 	11				
10  11  31  41  44 	14				
2  7  46  61  66 	1				
22  37  45  65  73 	13				
2  43  52  62  63 	6				
4  41  44  56  69 	10				
12  19  20  44  66 	1				
5  18  28  54  74 	6				
3  12  36  54  70 	12				
11  16  19  31  48 	4				
1  4  31  36  54 	9				
8  24  25  26  30 	7				
3  34  54  65  66 	4				
16  51  52  56  58 	4				
6  8  22  46  68 	4				
8  19  20  55  73 	5				
29  46  53  64  73 	10				
20  41  42  45  49 	14				
15  17  20  35  55 	7				
11  14  54  57  63 	11				
6  13  21  49  50 	10				
20  23  30  44  59 	9				
36  37  38  52  62 	6				
34  61  66  67  68 	7				
25  48  51  65  72 	4				
32  54  65  66  71 	10				
9  31  34  41  49 	8				
18  41  50  68  70 	9				
11  50  51  70  75 	15				
19  24  26  40  68 	8				
17  24  27  48  75 	6				
20  21  38  54  66 	7				
12  22  46  56  74 	4				
14  26  27  32  36 	7				
28  29  33  36  45 	15				
5  6  37  55  74 	10				
14  16  17  28  48 	2				
2  19  21  42  60 	13				
9  28  40  57  65 	2				
9  10  34  37  73 	9				
7  11  59  62  63 	3				
31  38  52  65  71 	15				
13  45  52  53  57 	10				
25  28  33  41  69 	6				
33  38  40  46  49 	15				
4  11  12  35  46 	12				
6  19  34  38  70 	5				
5  8  57  59  73 	13				
18  26  30  44  68 	7				
14  18  48  54  71 	13				
27  37  54  66  69 	5				
21  26  33  48  73 	14				
1  29  33  34  55 	6				
3  15  19  62  74 	14				
16  32  39  53  57 	10				
2  27  41  50  75 	4				
9  31  33  46  64 	4				
1  7  44  68  73 	1				
3  42  46  56  71 	13				
4  6  23  55  75 	2				
7  13  25  51  70 	9				
20  28  49  51  52 	6				
14  27  39  50  69 	2				
21  25  40  46  56 	3				
2  17  31  39  47 	9				
29  41  53  54  70 	12				
15  27  29  31  48 	15				
11  39  51  57  75 	2				
1  4  36  48  57 	13				
7  18  37  38  39 	9				
20  25  55  62  74 	7				
15  25  29  44  51 	4				
11  21  40  50  70 	15				
6  23  24  28  62 	7				
18  25  47  51  61 	5				
14  20  43  54  69 	5				
7  17  37  49  73 	15				
26  42  47  61  73 	6				
5  7  25  50  59 	12				
16  20  39  56  59 	12				
2  19  30  38  70 	8				
9  12  29  37  67 	15				
12  14  18  24  61 	10				
17  18  31  35  59 	9				
8  17  20  45  71 	4				
10  31  35  50  72 	8				
16  29  44  69  74 	12				
17  41  51  53  56 	15				
9  26  27  29  74 	4				
25  32  37  45  70 	1				
6  25  35  38  52 	4				
2  38  48  61  68 	4				
7  9  24  38  52 	1				
8  9  21  63  75 	14				
17  58  63  64  66 	13				
4  14  29  31  47 	9				
8  21  30  61  62 	9				
3  8  38  51  64 	4				
28  30  38  45  51 	8				
17  34  35  51  65 	7				
7  20  35  49  56 	9				
5  11  31  50  67 	14				
19  20  36  41  46 	7				
17  21  39  52  57 	5				
2  5  35  40  54 	13				
13  35  40  60  68 	9				
5  44  54  59  63 	1				
13  15  21  41  72 	1				
2  7  33  39  53 	9				
12  15  20  52  71 	3				
3  8  29  57  68 	8				
1  38  53  63  66 	10				
2  19  44  51  57 	14				
28  32  33  40  46 	10				
8  35  61  68  75 	15				
10  12  26  60  62 	13				
20  30  62  65  74 	1				
6  17  30  31  41 	15				
19  24  30  35  72 	5				
24  27  45  51  54 	8				
6  15  16  28  49 	14				
33  50  64  71  72 	9				
11  17  34  43  50 	15				
12  23  33  47  50 	3				
6  13  38  56  70 	2				
4  35  36  52  68 	8				
8  19  26  56  67 	14				
1  40  42  56  62 	2				
6  16  17  25  36 	7				
7  22  27  41  49 	10				
2  9  11  22  23 	12				
20  27  38  49  66 	2				
1  39  52  69  72 	12				
3  14  15  25  48 	8				
10  12  21  29  65 	10				
11  17  21  36  74 	15				
14  30  33  36  44 	2				
9  21  25  66  72 	7				
11  21  42  62  71 	7				
17  18  61  66  74 	3				
22  27  55  58  63 	11				
24  25  29  47  67 	4				
31  33  35  41  69 	11				
15  18  29  41  50 	5				
3  7  25  68  71 	3				
6  11  32  46  68 	9				
5  15  22  26  64 	6				
10  36  47  63  74 	2				
8  26  41  61  73 	11				
17  21  36  58  70 	3				
2  23  32  45  55 	12				
7  50  54  61  75 	7				
11  27  44  45  58 	3				
8  22  30  42  45 	3				
10  14  19  30  73 	14				
30  48  55  68  73 	5				
9  11  42  44  50 	3				
7  49  53  60  64 	4				
15  23  26  45  66 	4				
2  6  8  52  66 	13				
6  45  50  65  66 	1				
4  20  44  65  74 	14				
7  42  53  58  71 	15				
5  6  17  33  68 	13				
11  22  25  58  69 	13				
18  31  39  45  55 	6				
5  26  27  44  57 	7				
14  15  32  68  72 	8				
31  35  56  59  63 	6				
26  32  44  45  58 	11				
12  20  25  50  51 	7				
37  49  50  56  57 	8				
12  20  27  38  75 	4				
13  15  35  62  74 	12				
3  7  44  63  67 	12				
2  5  10  20  38 	14				
4  10  31  56  66 	7				
14  18  58  59  68 	4				
41  58  68  72  73 	1				
2  31  46  58  65 	7				
27  45  49  51  52 	14				
4  5  11  51  59 	5				
13  18  22  49  62 	11				
8  26  29  36  47 	10				
10  11  29  47  56 	4				
3  12  35  37  63 	15				
37  39  53  68  75 	6				
3  49  61  62  68 	15				
23  25  28  30  75 	11				
31  35  41  65  66 	5				
9  15  24  39  41 	1				
11  29  36  58  67 	15				
3  50  57  58  60 	11				
2  14  21  28  55 	3				
5  35  37  41  66 	11				
21  31  43  56  60 	12				
11  37  46  64  68 	15				
2  32  35  50  59 	3				
16  29  46  48  55 	2				
3  20  34  58  67 	6				
3  16  52  54  61 	6				
17  26  35  46  62 	9				
21  24  25  40  43 	12				
16  25  27  29  34 	2				
25  45  51  53  73 	2				
18  28  33  36  42 	7				
25  34  55  70  71 	1				
7  12  20  24  59 	7				
1  8  54  69  72 	1				
3  26  45  58  73 	12				
29  31  51  60  64 	1				
5  31  34  41  74 	3				
22  39  56  67  71 	15				
16  19  28  29  68 	9				
32  53  60  63  68 	6				
9  16  61  70  75 	7				
25  28  36  45  53 	6				
13  29  34  37  72 	6				
2  8  16  43  74 	1				
22  29  33  41  68 	12				
14  18  22  31  47 	15				
5  8  59  65  72 	3				
2  4  17  36  40 	5				
9  13  30  35  69 	10				
14  25  27  48  49 	9				
16  33  39  58  69 	2				
9  22  38  47  49 	15				
15  29  31  46  64 	10				
13  17  24  47  65 	10				
1  22  25  29  56 	3				
10  14  24  47  60 	3				
7  38  46  49  56 	1				
2  10  24  26  74 	7				
12  29  37  49  72 	9				
19  28  62  66  74 	6				
10  13  42  43  62 	2				
1  6  10  46  58 	13				
12  14  21  38  70 	15				
10  40  63  64  69 	7				
13  14  16  50  56 	11				
37  46  48  70  74 	1				
10  28  39  51  59 	14				
18  20  27  48  51 	5				
1  18  26  35  40 	13				
7  43  59  61  66 	3				
3  11  18  20  66 	9				
2  18  19  49  50 	1				
18  25  38  45  63 	9				
4  39  46  47  70 	13				
3  42  44  47  57 	8				
35  36  41  60  71 	3				
1  10  15  41  54 	9				
10  23  68  74  75 	9				
2  3  9  50  73 	12				
19  26  51  57  73 	15				
2  23  30  35  53 	10				
11  19  24  33  51 	7				
7  20  40  54  69 	12				
9  14  56  57  69 	10				
11  13  51  57  69 	1				
10  29  31  35  45 	10				
3  31  50  58  59 	6				
12  18  25  35  66 	15				
23  29  32  45  46 	15				
23  29  31  37  70 	14				
20  28  35  71  72 	7				
43  64  67  71  73 	4				
11  21  23  35  64 	10				
25  44  49  60  73 	9				
3  9  13  47  52 	8				
7  16  28  53  60 	2				
22  45  46  47  65 	10				
8  23  33  45  52 	4				
1  10  26  31  51 	11				
4  23  26  62  69 	13				
8  28  36  37  57 	8				
13  34  56  62  64 	6				
22  24  25  40  70 	5				
8  12  34  52  58 	8				
4  15  35  48  49 	11				
23  34  53  58  73 	2				
3  4  31  49  57 	6				
8  14  17  20  39 	7				
19  24  26  27  70 	12				
5  12  22  41  65 	13				
11  29  44  63  64 	3				
7  12  41  44  59 	3				
9  41  43  47  57 	5				
27  44  59  74  75 	3				
17  23  35  36  44 	8				
14  15  29  49  63 	2				
25  44  49  54  63 	8				
20  30  32  42  71 	15				
41  42  51  57  65 	7				
2  11  42  64  74 	2				
32  35  49  62  67 	1				
20  33  50  53  54 	7				
6  16  45  54  60 	15				
2  3  19  52  71 	14				
5  20  45  48  56 	1				
4  23  30  43  50 	11				
3  27  37  45  48 	46				
6  15  19  23  40 	5				
4  16  24  25  44 	5				
7  10  30  37  53 	1				
9  23  27  49  51 	38				
4  11  32  39  40 	33				
1  15  20  21  47 	34				
6  15  27  31  39 	25				
9  22  28  48  54 	8				
2  12  18  54  56 	1				
2  16  17  22  41 	31				
4  13  14  28  41 	28				
6  19  24  43  44 	33				
4  7  30  36  38 	38				
1  9  17  20  53 	14				
13  28  35  38  41 	33				
7  13  26  36  46 	37				
2  31  32  37  41 	40				
11  20  30  34  38 	12				
1  11  16  51  55 	41				
8  21  23  25  39 	4				
25  27  36  42  44 	39				
4  22  23  27  38 	42				
25  32  35  50  51 	46				
16  20  24  39  42 	46				
10  14  21  40  53 	20				
4  5  25  27  51 	10				
3  21  43  45  48 	14				
2  23  41  47  54 	42				
36  42  51  52  53 	40				
8  15  35  46  52 	38				
3  5  28  33  51 	16				
3  14  17  40  50 	3				
6  17  34  40  48 	30				
2  5  31  33  34 	20				
15  40  45  50  53 	28				
1  10  37  48  55 	21				
10  11  12  20  55 	19				
2  20  26  44  46 	26				
4  12  25  32  54 	36				
4  5  16  18  53 	28				
2  15  17  48  55 	11				
11  15  35  43  49 	41				
6  10  12  28  32 	38				
1  19  20  39  49 	28				
1  6  13  20  51 	31				
2  20  34  42  54 	39				
21  30  34  39  49 	43				
17  42  49  54  55 	31				
9  21  22  32  50 	10				
6  8  12  22  43 	28				
2  5  15  18  39 	42				
1  10  13  19  21 	28				
17  30  41  48  54 	13				
8  15  23  36  41 	5				
7  10  14  40  47 	34				
25  31  36  46  53 	21				
20  33  46  49  51 	46				
14  27  34  37  41 	38				
3  6  14  21  37 	35				
4  8  17  22  32 	8				
9  12  19  20  30 	39				
4  11  25  34  35 	44				
6  20  39  41  46 	42				
17  30  38  43  51 	20				
6  7  13  15  43 	7				
9  13  24  38  49 	30				
1  15  19  30  56 	28				
11  35  41  42  44 	42				
9  22  32  38  55 	44				
6  15  20  39  50 	5				
2  5  10  26  44 	46				
1  30  32  40  41 	17				
8  12  27  46  47 	6				
11  12  17  31  48 	1				
7  11  16  39  54 	13				
8  18  25  42  49 	14				
1  6  12  19  41 	14				
24  29  30  34  56 	1				
3  20  21  38  42 	19				
1  2  23  25  55 	39				
4  11  21  25  44 	29				
10  13  32  40  41 	32				
2  3  18  34  48 	36				
3  18  32  41  56 	19				
1  6  7  18  29 	16				
11  28  33  41  43 	41				
39  44  51  52  54 	13				
7  43  44  51  56 	4				
3  19  24  32  43 	44				
11  22  24  28  31 	46				
5  12  26  42  49 	24				
8  37  44  47  48 	27				
9  13  22  38  52 	44				
5  24  26  29  53 	36				
6  12  31  46  56 	34				
18  22  33  35  40 	11				
3  5  13  32  35 	6				
4  18  22  38  44 	24				
5  12  18  29  56 	38				
4  15  24  36  40 	44				
1  17  42  46  55 	1				
14  34  36  48  53 	42				
13  37  40  46  52 	29				
6  10  24  26  42 	15				
6  15  16  22  37 	3				
8  9  16  32  39 	15				
10  11  20  42  55 	9				
6  8  14  43  56 	28				
7  8  23  50  51 	26				
3  13  14  46  55 	34				
5  9  22  36  49 	36				
16  17  21  40  51 	20				
5  11  20  33  36 	11				
15  32  38  42  46 	31				
16  32  39  41  53 	16				
31  40  41  47  48 	45				
4  9  40  45  50 	39				
25  34  45  46  49 	34				
5  13  20  23  33 	30				
8  20  24  35  56 	24				
15  23  34  39  55 	32				
10  18  36  38  44 	8				
30  32  33  42  48 	7				
2  10  13  38  46 	2				
5  18  21  29  41 	37				
2  3  4  8  43 	26		
5  9  38  46  51 	5				
2  44  48  50  52 	3				
1  13  21  49  55 	17				
6  7  13  24  46 	34				
3  11  19  23  36 	21				
20  23  28  35  39 	21				
3  4  24  36  52 	45				
28  34  39  45  53 	34				
3  16  23  35  36 	20				
10  16  19  32  36 	13				
11  21  27  30  53 	11				
8  12  18  30  40 	4				
2  9  17  34  50 	45				
4  9  34  40  48 	25				
37  39  42  53  55 	22				
2  27  38  46  52 	45				
2  14  29  53  55 	31				
9  15  21  40  54 	11				
10  14  35  43  52 	16				
3  11  22  34  49 	1				
10  11  12  14  24 	6				
3  15  29  35  54 	8				
2  6  8  18  51 	19				
4  11  21  42  53 	38				
24  27  31  45  52 	38				
2  5  45  46  47 	37				
3  9  15  37  38 	39				
14  23  26  33  35 	40				
1  16  24  32  48 	2				
9  14  17  36  42 	33				
2  6  12  31  48 	25				
2  19  20  24  33 	39				
11  35  38  41  52 	40				
2  4  23  38  46 	23				
9  19  34  44  51 	24				
6  17  19  20  21 	20				
1  4  6  11  14 	30				
28  29  43  51  53 	7				
2  8  30  36  48 	31				
9  10  27  36  42 	11				
20  24  31  33  36 	44				
16  29  48  52  54 	5				
6  15  29  39  51 	36				
1  16  18  25  27 	3				
9  30  39  42  47 	37				
16  25  28  32  40 	3				
3  5  10  26  27 	27				
3  4  18  29  50 	20				
17  23  30  37  45 	4				
7  19  21  49  53 	35				
9  17  18  28  43 	9				
3  5  30  36  48 	23				
10  22  24  36  49 	33				
1  9  28  38  47 	8				
3  15  31  36  53 	27				
10  27  28  37  51 	19				
4  10  16  38  48 	34				
9  17  28  34  48 	46				
2  3  15  22  36 	23				
4  24  45  46  52 	1				
23  32  33  39  43 	8				
3  5  8  18  29 	14				
20  24  27  45  51 	31				
2  4  26  36  39 	27				
5  6  22  26  41 	6				
4  12  29  49  51 	44				
7  21  29  35  49 	39				
24  30  48  51  56 	45				
17  29  43  48  52 	36				
22  28  42  49  54 	43				
4  16  23  33  48 	38				
4  13  33  39  55 	3				
3  6  24  30  33 	21				
2  16  22  29  50 	27				
5  31  45  47  54 	4				
26  30  32  33  44 	1				
27  31  39  40  46 	36				
13  31  49  52  56 	41				
13  33  40  44  46 	8				
6  21  35  37  38 	17				
24  25  45  47  53 	42				
13  35  42  45  54 	26				
25  34  38  44  56 	27				
5  15  19  23  38 	19				
3  26  40  45  52 	11				
3  19  21  44  45 	29				
2  20  28  36  45 	37				
21  27  32  40  52 	36				
6  29  38  50  51 	39				
6  23  41  45  56 	24				
22  31  43  48  56 	45				
7  12  19  23  31 	45				
1  36  38  42  49 	19				
25  44  48  49  55 	20				
2  22  25  28  50 	18				
2  3  27  30  47 	36				
11  21  44  48  49 	23				
5  15  53  54  56 	22				
4  38  41  42  43 	44				
9  43  51  54  55 	13				
11  19  39  45  54 	15				
6  24  28  33  42 	19				
14  17  19  20  32 	28				
8  10  22  47  48 	35				
20  25  35  52  55 	10				
23  31  32  39  56 	38				
2  9  10  16  35 	40				
16  29  30  46  56 	6				
3  9  11  44  49 	9				
1  2  22  37  50 	45				
1  10  13  18  46 	19				
12  17  30  35  47 	26				
12  17  27  47  48 	33				
10  14  40  49  51 	4				
11  24  25  31  46 	17				
12  29  46  47  51 	24				
9  10  20  51  53 	24				
18  21  27  37  38 	7				
29  32  35  47  52 	13				
20  23  41  49  53 	31				
28  30  31  37  55 	13				
5  7  14  28  56 	10				
9  12  21  42  43 	42				
10  17  19  45  48 	30				
1  2  17  25  48 	45				
3  33  39  47  53 	9				
11  16  34  40  51 	34				
6  18  26  37  41 	9				
1  16  29  36  50 	16				
9  10  11  33  51 	29				
19  29  32  38  55 	15				
3  18  46  51  53 	17				
20  24  32  45  51 	43				
22  23  33  39  48 	29				
10  23  39  41  45 	15				
6  40  45  50  56 	11				
1  19  20  31  36 	9				
13  14  35  36  53 	19				
6  15  23  34  38 	43				
22  24  31  52  54 	4				
1  14  35  50  53 	43				
14  33  34  54  56 	37				
10  11  12  28  43 	45				
14  19  21  42  45 	6				
3  17  19  41  55 	24				
8  10  15  23  41 	7				
1  12  19  20  47 	25				
4  5  17  19  50 	7				
15  22  23  48  55 	31				
5  6  7  30  45 	42				
17  18  24  35  39 	18				
8  9  17  32  34 	13				
25  35  36  47  48 	18				
6  20  29  48  55 	6				
16  22  23  26  35 	31				
14  33  48  49  50 	18				
5  8  31  46  50 	4				
5  9  21  35  38 	20				
4  27  29  38  45 	5				
2  15  17  33  35 	8				
1  4  11  16  45 	37				
4  22  42  46  53 	20				
4  8  15  25  47 	42				
10  12  13  35  56 	9				
6  18  36  40  49 	7				
15  16  27  40  52 	16				
8  11  12  31  32 	29				
11  20  26  46  53 	12				
18  22  25  31  38 	29				
23  27  33  44  46 	36				
4  38  45  53  54 	9				
6  11  12  18  56 	12				
11  16  19  47  53 	2				
5  9  34  43  47 	8				
2  6  12  34  35 	33				
7  14  31  51  54 	35				
1  26  27  39  46 	21				
9  26  28  35  38 	10				
8  26  28  33  53 	11				
19  25  34  46  53 	15				
1  3  12  16  54 	46				
4  19  26  28  39 	14				
15  21  30  31  32 	26				
2  7  18  32  53 	18				
2  9  14  37  42 	41				
9  10  13  31  50 	10				
10  31  36  37  43 	15				
24  29  37  48  50 	19				
10  19  24  37  44 	27				
3  8  21  28  52 	43				
2  10  13  36  38 	18				
2  28  38  42  55 	25				
3  20  43  47  52 	26				
3  4  14  18  27 	13				
6  14  50  55  56 	1				
11  12  17  21  23 	20				
8  18  22  24  38 	23				
10  13  20  28  36 	9				
10  20  29  47  48 	38				
4  10  26  32  41 	31				
4  23  24  28  32 	31				
4  13  20  29  48 	36				
11  19  40  43  44 	33				
6  17  24  43  55 	36				
2  14  26  50  56 	12				
7  13  30  33  54 	30				
4  13  20  22  56 	32				
11  30  40  48  52 	42				
2  7  10  16  29 	8				
16  19  39  44  49 	26				
12  18  28  36  43 	19				
2  15  18  20  39 	34				
7  11  14  15  34 	14				
1  31  33  34  50 	41				
8  18  45  47  50 	36				
1  10  12  32  36 	25				
3  4  15  27  37 	35				
1  2  13  19  27 	21				
12  17  21  23  30 	24				
11  36  37  41  55 	7				
4  12  13  21  27 	46				
6  13  33  34  42 	25				
12  18  28  48  54 	6				
12  13  15  17  50 	23				
12  27  44  45  51 	30				
3  11  20  29  39 	26				
5  14  17  19  24 	25				
15  20  23  26  30 	17				
11  13  19  37  40 	26				
20  21  40  47  56 	12				
26  33  43  46  54 	9				
2  7  20  34  50 	40				
9  21  31  36  43 	8				
14  20  41  47  53 	40				
23  37  41  50  55 	6				
19  26  28  37  52 	18				
5  8  10  34  42 	25				
10  16  31  48  50 	44				
3  12  27  39  47 	32				
15  18  39  48  53 	3				
16  43  44  52  56 	26				
2  17  22  30  31 	19				
1  11  24  38  44 	41				
23  41  46  47  52 	22				
3  25  28  29  40 	13				
10  31  45  50  54 	25				
3  22  48  52  56 	13				
2  15  25  48  53 	41				
14  16  18  19  29 	16				
11  31  34  44  52 	32				
9  12  47  48  56 	25				
4  14  29  54  56 	40				
4  16  36  40  53 	18				
1  22  39  42  46 	36				
11  12  21  29  45 	5				
14  16  17  33  47 	23				
2  17  20  26  48 	12				
10  20  45  51  53 	41				
6  7  26  27  49 	9				
1  10  22  23  38 	19				
7  8  38  39  48 	22				
8  13  27  28  52 	9				
4  5  34  38  41 	18				
4  7  19  21  38 	29				
5  9  31  37  56 	16				
18  20  31  36  43 	33				
13  28  39  50  55 	10				
6  8  27  40  41 	21				
2  5  29  35  51 	3				
4  16  44  52  54 	20				
3  33  35  39  45 	13				
10  20  30  44  49 	24				
27  31  32  36  47 	35				
2  21  27  34  44 	45				
20  23  28  30  46 	29				
4  33  41  51  56 	38				
17  30  39  52  53 	21				
12  25  37  39  45 	11				
10  11  35  37  50 	12				
3  4  7  16  56 	39				
8  22  27  49  50 	28				
27  43  45  49  54 	44				
8  21  29  34  37 	15				
7  11  27  40  46 	8				
5  18  23  31  38 	20				
4  15  17  29  38 	20				
7  13  37  46  51 	2				
27  45  48  54  56 	2				
13  17  25  45  55 	8				
10  13  18  33  51 	43				
17  31  34  45  51 	24				
3  14  21  24  51 	14				
9  33  51  53  56 	39				
15  24  51  53  55 	11				
2  21  25  45  50 	21				
7  27  42  49  52 	19				
26  29  33  39  46 	24				
18  27  31  36  52 	33				
29  30  32  35  41 	39				
16  27  48  49  54 	2				
4  10  18  28  50 	35				
2  4  6  21  44 	37				
2  9  28  51  53 	19				
1  17  31  37  54 	31				
3  12  19  22  40 	2				
9  38  44  48  49 	13				
4  5  26  37  56 	25				
8  22  25  33  35 	46				
6  12  15  32  42 	40				
7  18  35  45  56 	3				
1  28  34  42  50 	27				
17  35  44  52  56 	22				
4  17  24  25  48 	34				
3  6  43  51  52 	36				
3  8  21  50  52 	2				
8  17  40  47  50 	13				
20  29  35  45  53 	41				
5  10  26  27  28 	4				
25  27  35  38  39 	28				
5  6  7  11  25 	31				
7  34  49  54  55 	34				
11  15  17  29  46 	16				
12  14  16  31  50 	9				
4  9  12  16  46 	44				
9  15  21  26  45 	25				
6  11  20  32  44 	38				
5  17  31  36  56 	46				
5  20  38  41  52 	20				
9  13  26  30  35 	33				
23  30  36  39  48 	34				
9  18  21  37  55 	33				
3  29  34  42  49 	29				
2  4  9  15  42 	13				
7  12  24  36  48 	27				
4  8  10  14  51 	31				
12  27  29  32  34 	34				
5  23  38  39  54 	3				
9  16  24  40  43 	35				
15  20  24  36  44 	6				
9  20  21  48  49 	7				
5  24  37  47  52 	6				
5  13  26  35  45 	32				
4  11  22  48  50 	42				
18  25  36  42  51 	22				
2  4  13  17  36 	15				
16  22  38  39  48 	42				
14  39  47  48  53 	29				
10  15  24  38  50 	19				
4  25  34  43  44 	45				
15  16  20  39  40 	26				
9  15  24  28  31 	17				
10  12  26  46  50 	23				
2  27  31  39  40 	23				
11  18  37  46  55 	45				
26  32  35  43  52 	10				
24  37  44  50  56 	35				
1  27  28  35  40 	6				
21  28  41  45  55 	24				
1  9  23  27  33 	24				
25  36  37  40  51 	20				
18  29  38  43  47 	7				
2  12  18  28  31 	3				
4  15  29  43  56 	29				
13  16  19  53  55 	2				
3  11  12  14  21 	25				
2  17  20  27  28 	7				
1  9  10  35  46 	9				
2  4  21  39  51 	29				
22  25  33  36  48 	40				
23  25  30  45  50 	8				
3  11  12  19  33 	30				
2  11  19  21  34 	38				
1  22  29  44  52 	39				
6  19  29  33  37 	31				
1  8  13  27  41 	45				
3  13  16  39  54 	32				
10  14  16  29  40 	6				
10  16  19  27  48 	25				
11  12  26  31  33 	27				
21  27  46  52  55 	14				
2  17  22  32  51 	35				
10  30  44  46  48 	44				
2  11  22  51  52 	46				
1  22  52  53  56 	45				
10  15  22  52  53 	12				
3  18  19  30  34 	3				
5  27  38  42  55 	41				
14  24  32  43  44 	21				
10  21  23  41  55 	9				
2  7  17  29  47 	40				
6  39  45  46  48 	36				
5  33  34  47  52 	18				
16  19  39  42  44 	38				
7  15  27  28  31 	35				
14  35  41  42  51 	23				
14  15  43  46  48 	21				
2  25  35  38  42 	34				
13  28  32  41  52 	16				
9  30  35  39  49 	36				
6  13  14  31  36 	36				
9  32  34  43  52 	4				
2  9  41  48  51 	37				
13  24  39  51  52 	44				
1  12  14  25  35 	38				
22  23  28  49  52 	2				
1  6  15  27  46 	39				
14  23  43  44  54 	39				
21  25  26  50  51 	22				
6  16  24  34  36 	30				
12  13  15  41  42 	37				
9  18  19  26  40 	38				
8  23  29  30  53 	7				
2  7  23  38  40 	40				
11  17  28  32  50 	33				
9  21  36  38  55 	13				
9  13  17  18  56 	2				
11  13  20  30  42 	3				
2  16  19  35  52 	17				
2  16  23  29  32 	46				
17  29  36  53  55 	26				
19  24  34  45  51 	40				
5  14  16  39  51 	34				
1  20  22  29  41 	35				
1  3  12  19  20 	28				
1  22  33  43  52 	36				
8  14  22  39  50 	44				
10  22  36  50  53 	39				
11  17  25  36  42 	13				
5  14  25  47  49 	36				
8  9  14  38  44 	36				
3  5  15  43  51 	11				
8  9  43  44  54 	27				
4  19  24  32  54 	5				
39  40  47  53  55 	32				
14  24  32  45  49 	17				
4  8  11  22  30 	4				
2  14  26  32  41 	32				
6  11  39  46  47 	26				
20  24  27  31  47 	15				
16  31  43  46  56 	22				
4  21  46  53  54 	26				
8  28  37  53  55 	26				
19  24  35  44  51 	26				
19  32  37  45  52 	41				
3  22  31  48  54 	9				
24  28  36  50  53 	29				
12  13  27  48  50 	30				
14  18  27  31  42 	7				
8  9  31  37  44 	38				
3  5  40  45  49 	17				
4  17  26  46  56 	25				
7  26  27  40  43 	10				
38  42  43  48  53 	12				
5  8  17  19  41 	21				
13  15  20  25  44 	37				
3  12  18  25  52 	21				
4  13  35  41  47 	44				
19  32  33  41  48 	12				
7  15  30  33  56 	22				
5  17  22  26  55 	38				
9  12  30  36  55 	15				
7  12  13  19  22 	10				
1  38  42  55  56 	34				
7  11  26  30  53 	14				
14  27  39  47  50 	12				
21  30  43  46  50 	18				
4  5  17  40  51 	38				
3  14  30  44  56 	5				
8  23  39  40  42 	24				
5  12  22  38  56 	22				
12  15  22  25  33 	2				
12  22  33  43  44 	15				
21  30  42  44  50 	6				
22  36  42  45  55 	42				
10  29  45  52  54 	10				
24  31  39  40  56 	32				
13  16  25  30  54 	11				
2  19  22  28  54 	25				
19  36  37  48  52 	8				
14  19  20  43  53 	7				
3  23  46  48  49 	2				
4  7  12  17  30 	44				
6  25  27  30  45 	46				
12  18  26  28  51 	35				
16  27  30  45  53 	43				
5  6  12  26  51 	7				
9  10  26  29  39 	10				
18  21  33  42  56 	11				
14  20  23  42  43 	6				
12  13  30  31  39 	29				
15  26  36  39  40 	45				
11  33  41  42  46 	21				
3  17  43  46  47 	2				
1  3  34  49  52 	19				
2  8  44  46  51 	22				
12  20  24  38  51 	3				
2  7  45  52  53 	18				
5  15  18  23  46 	14				
1  2  5  41  44 	25				
21  26  34  44  54 	23				
1  10  17  32  51 	44				
10  19  37  40  48 	1				
28  37  40  43  44 	20				
4  13  20  25  33 	42				
2  19  23  47  54 	16				
5  21  23  33  45 	43				
20  24  31  34  49 	8				
5  9  12  33  40 	27				
9  10  17  21  35 	6				
14  19  27  34  48 	3				
3  6  11  42  46 	38				
8  18  22  40  44 	11				
37  40  48  53  56 	44				
4  21  46  51  53 	5				
8  38  54  55  56 	2				
2  8  33  38  53 	12				
5  8  9  24  34 	17				
10  20  32  33  54 	39				
36  41  50  55  56 	9				
16  29  42  46  51 	40				
5  18  37  39  43 	42				
7  12  35  54  55 	2				
8  17  20  23  50 	17				
6  13  30  41  52 	26				
16  30  38  46  51 	5				
7  39  41  48  53 	21				
19  24  30  34  56 	19				
3  9  12  25  47 	37				
21  35  37  39  40 	35				
1  17  40  51  52 	7				
4  10  20  29  45 	21				
11  14  21  24  31 	23				
5  16  31  49  54 	19				
1  5  16  26  30 	21				
3  13  19  31  50 	21				
6  26  29  31  39 	31				
27  35  38  49  56 	15				
12  19  29  32  48 	9				
2  24  44  51  54 	7				
10  14  22  42  43 	1				
2  7  11  22  36 	35				
13  23  24  30  44 	5				
6  13  42  46  56 	42				
28  30  33  48  54 	25				
16  24  41  43  54 	36				
4  9  20  45  55 	34				
11  16  31  52  53 	42				
5  7  26  38  56 	15				
8  10  35  36  43 	14				
1  9  10  23  53 	40				
1  4  11  31  47 	37				
11  14  21  25  26 	33				
7  15  16  19  28 	10				
24  32  34  36  39 	6				
16  26  33  34  46 	38				
15  23  37  48  53 	22				
18  25  34  35  42 	6				
18  21  35  51  53 	36				
7  21  46  49  55 	15				
17  25  36  40  43 	9				
7  11  16  38  49 	35				
10  13  25  42  43 	30				
16  22  29  39  42 	20				
14  21  33  35  51 	43				
18  31  44  45  48 	18				
3  18  21  38  50 	43				
1  9  26  46  51 	11				
17  35  40  46  48 	41				
3  9  24  29  41 	41				
32  39  46  48  49 	41				
16  21  35  36  46 	38				
22  33  35  40  53 	15				
14  18  44  52  56 	25				
16  17  36  49  54 	14				
3  5  15  26  53 	35				
4  28  30  31  35 	17				
4  8  15  33  52 	10				
12  14  26  40  42 	22				
7  11  26  38  54 	13				
2  12  44  46  51 	6				
9  10  38  51  53 	1				
3  4  10  39  50 	29				
7  12  25  44  53 	3				
5  12  15  25  34 	43				
9  32  37  42  48 	7				
6  7  17  28  40 	39				
20  30  31  35  49 	23				
1  15  29  32  45 	8				
6  9  13  43  46 	45				
16  22  23  37  53 	35				
7  14  24  41  56 	7				
14  35  40  47  48 	35				
7  13  20  42  47 	9				
5  19  25  30  50 	42				
9  20  24  25  36 	23				
11  42  52  53  55 	28				
13  22  33  51  52 	42				
8  10  22  25  55 	22				
5  34  40  45  46 	21				
15  22  26  30  32 	31				
5  25  41  48  51 	35				
9  13  23  29  54 	34				
6  18  20  28  38 	37				
24  27  42  47  50 	8				
14  30  35  40  43 	2				
1  11  20  21  46 	18				
6  19  32  33  40 	39				
3  25  43  45  55 	40				
3  6  38  42  45 	30				
7  12  17  22  43 	16				
2  19  44  45  56 	43				
6  26  33  39  55 	1				
3  16  25  30  44 	42				
9  17  34  52  53 	2				
1  32  36  42  53 	4				
5  6  51  53  55 	12				
15  25  37  38  52 	4				
17  24  35  46  54 	33				
3  4  5  7  36 	16
5  12  13  46  50 	10				
10  12  22  44  48 	16				
14  16  38  40  49 	29				
1  5  13  18  33 	30				
2  24  31  50  55 	44				
14  29  32  43  49 	14				
2  13  23  32  35 	4				
7  21  24  41  51 	10				
18  26  35  36  43 	24				
12  13  29  49  52 	20				
13  25  26  28  56 	39				
5  14  34  36  52 	42				
7  15  27  46  56 	39				
9  15  31  42  45 	41				
20  40  46  48  54 	27				
2  14  20  29  44 	32				
13  17  24  34  56 	24				
11  21  37  53  54 	12				
27  30  36  38  45 	13				
1  20  23  24  33 	29				
8  17  18  26  47 	37				
5  29  35  52  53 	9				
3  10  18  36  38 	41				
2  13  28  34  45 	36				
12  14  20  47  48 	24				
17  21  28  48  54 	1				
5  12  31  51  56 	1				
7  24  40  48  50 	15				
6  36  39  45  52 	45				
7  15  24  43  44 	22				
8  20  39  53  55 	10				
7  11  22  27  31 	33				
16  29  32  36  55 	12				
1  20  32  37  39 	9				
2  4  7  27  41 	4				
13  14  25  34  50 	6				
8  10  18  29  33 	10				
2  12  45  46  56 	20				
1  18  31  46  52 	37				
9  25  48  51  56 	7				
4  7  19  50  52 	15				
14  18  35  39  49 	14				
1  2  17  47  49 	19				
4  16  17  28  31 	8				
8  11  23  48  52 	5				
27  28  30  42  50 	22				
4  17  18  51  54 	31				
15  27  36  38  42 	32				
25  29  38  39  46 	4				
2  4  35  36  48 	22				
3  5  12  16  34 	27				
14  23  27  36  45 	36				
16  25  31  43  46 	28				
27  36  43  49  54 	33				
24  39  40  43  46 	2				
2  16  25  30  48 	26				
29  31  32  41  52 	42				
1  35  53  54  56 	44				
2  7  8  18  29 	46				
31  34  36  51  55 	4				
18  22  28  44  53 	46				
24  32  37  39  40 	44				
5  21  27  44  53 	36				
7  27  32  37  38 	30				
8  11  28  37  53 	12				
15  19  20  32  38 	21				
14  20  25  40  44 	37				
11  24  27  49  55 	23				
10  37  39  49  54 	8				
6  20  23  40  56 	36				
14  25  26  31  56 	17				
9  10  12  22  41 	4				
14  15  31  32  43 	20				
6  10  26  30  33 	16				
3  12  21  38  44 	45				
7  8  47  51  52 	5				
5  25  31  33  34 	41				
9  22  37  41  43 	30				
8  18  21  42  46 	11				
2  4  5  40  48 	7				
9  14  34  50  51 	40				
8  16  21  25  27 	16				
7  9  41  53  54 	38				
5  18  21  28  36 	20				
8  17  25  28  53 	1				
7  12  18  31  55 	30				
11  17  28  29  36 	42				
3  12  16  32  33 	15				
6  20  24  25  34 	44				
24  30  42  53  54 	20				
2  4  23  27  36 	37				
12  24  28  29  36 	41				
1  3  14  30  52 	10				
14  17  26  27  28 	5				
6  7  20  41  51 	38				
35  36  40  42  52 	45				
5  16  41  46  50 	1				
13  24  44  48  52 	30				
15  28  43  51  52 	11				
1  8  27  31  50 	40				
1  4  14  45  53 	33				
19  32  42  49  56 	29				
5  20  38  47  54 	35				
6  7  8  13  40 	12				
2  13  18  36  46 	36				
9  15  20  24  55 	3				
8  37  38  45  54 	21				
13  35  36  43  52 	5				
3  5  48  50  53 	4				
17  22  39  50  52 	46				
4  16  23  25  40 	22				
1  10  18  29  55 	8				
7  18  27  35  54 	34				
7  13  48  51  54 	11				
9  13  25  36  48 	2				
5  17  32  39  53 	36				
9  23  45  48  50 	3				
22  38  48  50  55 	29				
14  25  41  42  50 	40				
2  20  37  43  46 	4				
14  43  44  50  56 	7				
9  13  40  46  50 	30				
16  35  40  49  50 	34				
1  10  29  48  49 	36				
14  29  31  37  50 	34				
7  14  28  46  47 	25				
4  6  14  28  47 	42				
5  13  22  37  38 	11				
7  17  22  34  50 	24				
9  28  39  40  45 	24				
3  6  27  40  44 	9				
7  9  10  29  44 	17				
21  23  27  33  39 	8				
11  25  38  40  42 	40				
7  12  25  50  51 	19				
7  17  42  46  52 	47				
2  5  7  28  46 	21				
18  22  33  34  42 	16				
23  25  43  46  49 	26				
5  6  14  42  47 	3				
25  26  37  39  49 	29				
15  20  43  47  50 	24				
5  13  17  33  35 	35				
4  19  45  51  52 	22				
11  19  28  32  45 	10				
7  17  18  30  42 	38				
11  18  19  45  49 	2				
6  11  27  37  43 	34				
2  9  28  29  48 	33				
14  26  27  34  44 	27				
18  19  31  35  36 	17				
8  14  15  22  31 	13				
7  10  13  35  39 	21				
1  8  18  39  48 	1				
4  13  37  38  50 	24				
15  18  28  41  45 	27				
1  19  31  35  42 	34				
3  16  20  21  38 	10				
6  14  21  24  50 	28				
8  11  14  23  25 	21				
3  12  14  30  52 	34				
3  17  21  42  44 	35				
25  31  39  47  52 	43				
2  10  21  25  45 	22				
17  27  39  40  41 	21				
10  23  28  39  51 	5				
15  19  24  40  47 	50				
2  23  24  35  45 	18				
2  8  14  15  51 	38				
3  6  7  12  32 	30				
10  14  45  47  51 	20				
18  29  32  38  43 	50				
9  20  22  41  42 	10				
7  22  27  31  38 	12				
16  34  38  42  47 	1				
14  27  32  34  40 	2				
22  23  37  42  47 	15				
1  19  22  32  49 	29				
12  32  37  41  52 	13				
10  20  22  28  52 	4				
7  9  18  37  43 	34				
8  30  32  35  51 	17				
1  12  24  36  51 	38				
9  10  27  28  30 	18				
5  31  33  35  51 	1				
11  20  26  28  52 	7				
3  29  30  41  43 	1				
24  32  42  49  50 	3				
10  18  26  31  41 	48				
14  25  39  43  49 	27				
3  7  20  24  43 	36				
6  13  19  34  50 	33				
4  8  24  30  36 	25				
4  18  19  39  51 	13				
16  17  21  33  41 	6				
8  34  39  48  49 	47				
8  10  17  24  39 	52				
1  18  39  42  50 	35				
11  26  30  49  50 	52				
1  3  15  19  29 	39				
3  16  25  38  49 	4				
12  35  37  38  50 	49				
11  17  27  45  52 	5				
13  30  36  38  51 	35				
4  14  34  38  44 	10				
14  15  25  42  44 	3				
5  25  38  46  47 	14				
2  5  21  47  50 	46				
12  17  34  37  39 	34				
22  23  26  28  36 	10				
14  31  41  45  48 	20				
18  25  29  31  44 	33				
4  23  33  38  49 	7				
1  2  13  16  22 	31				
16  19  21  34  35 	22				
8  10  11  13  24 	46				
5  12  25  35  37 	12				
6  15  21  32  44 	13				
3  21  22  35  44 	7				
13  31  37  39  52 	38				
11  23  25  29  45 	16				
6  7  8  31  48 	19				
10  25  38  39  50 	12				
10  13  19  28  38 	1				
18  19  29  32  42 	32				
9  10  17  41  52 	19				
7  10  11  15  51 	23				
18  23  27  29  44 	24				
12  28  36  39  52 	36				
17  24  29  37  45 	43				
4  16  18  41  47 	46				
7  16  17  26  48 	15				
13  27  36  39  51 	33				
5  18  34  36  39 	43				
4  20  27  38  49 	31				
2  36  44  46  51 	45				
10  19  32  36  46 	6				
9  25  30  34  37 	30				
14  17  19  44  50 	17				
3  15  29  37  39 	40				
15  21  32  39  50 	34				
1  10  17  23  35 	45				
8  22  25  47  48 	27				
12  22  37  46  48 	49				
6  24  29  42  51 	41				
13  36  39  50  51 	34				
2  8  10  11  23 	40				
8  17  29  32  39 	49				
8  17  25  46  47 	13				
3  27  31  41  45 	33				
8  10  17  37  49 	20				
12  22  35  39  46 	32				
6  9  14  32  50 	4				
3  28  45  49  51 	52				
4  29  32  35  36 	11				
16  23  29  36  51 	49				
30  40  47  49  52 	3				
25  30  35  40  50 	4				
2  9  24  36  52 	44				
6  11  43  49  52 	21				
1  13  20  21  30 	24				
2  8  34  36  52 	21				
14  30  42  43  45 	30				
3  7  10  22  32 	23				
1  6  16  30  49 	13				
9  21  26  35  41 	17				
17  28  30  40  51 	44				
6  10  20  38  50 	27				
10  18  33  46  51 	13				
5  7  14  21  45 	36				
12  26  41  44  49 	44				
3  17  18  21  45 	21				
24  32  38  47  49 	12				
7  13  15  25  32 	9				
7  8  36  44  48 	9				
12  18  21  32  46 	49				
1  10  17  20  29 	36				
2  13  21  22  49 	52				
5  10  17  35  39 	38				
16  24  31  46  47 	47				
4  14  15  24  48 	41				
1  12  15  18  44 	42
12	18	21	32	46	49	  
1	10	17	20	29	36	  
2	13	21	22	49	52	  
5	10	17	35	39	38	  	
16	24	31	46	47	47	  	
9	16	32	45	46	26	  
4	14	15	24	48	41	  	
1	12	15	18	44	42	  	
10	13	24	34	49	4	  	
19	26	31	44	50	19	  	
22	32	37	40	41	52	  	
14	26	28	36	42	14	  
4	11	25	30	52	36	  	
3	13	31	41	42	52	  	
2	5	17	21	22	43	  	
6	18	23	26	30	31	  	
16	24	43	44	45	22	  	
6	12	13	36	46	3	  
6	9	20	40	47	26	  
8	9	16	30	31	15	  
18	34	46	51	52	38	  
14	20	31	46	48	18	  
18	19	21	33	40	29	  
4	19	36	42	48	13	  
1	2	22	40	41	43	  
19	21	30	31	52	51	  
2	26	37	40	46	49	  
5	29	32	45	52  29	  
5	16	24	49	51	28	  
13	14	24	34	47	13	  
15	20	24	30	46	42	  
16	22	23	38	46	45	  
14	15	30	39	46	30	  
7	9	28	41	42	19	  
22	26	27	32	39	14	  
8	11	17	42	52	10	  
9	28	42	44	49	47	  
4	19	31	32	51	31	  
7	11	24	28	52	16	  
1	16	20	41	52	13	  
8	11	18	35	51	26	  
6	9	35	40	43	42	  
7	32	34	38	44	49	  
2	11	27	30	33	46	  
1	17	19	32	42	33	  
33	46	47	50	51	30	  
1	5	31	38	47	3	  
29	30	34	38	44	39	  
1	26	33	43	48	22	  
1	4	10	16	18	10	  
2	9	27	29	35	18	  
6	7	22	37	46	8	  
28	32	39	45	48	31	  
1	14	20	31	40	43	  
2	26	43	44	47	31	  
1	2	3	12	37	35	  
27	31	34	40	52	1	  
12	15	16	20	51	33	  
14	15	23	32	52	37	  
10	14	28	39	40	35	  
4	20	25	29	32	20	  
1	21	28	33	51	3	  
10	11	17	20	26	3	  
12	20	31	33	50	17	  
2	16	36	44	49	3	  
5	10	16	26	39	52	  
17	20	47	49	50	34	  
1	10	20	22	28	39	  
5	14	32	44	52	24	  
2	5	19	32	34	52	  
6	8	9	33	35	32	  
1	12	32	48	51	29	  
3	9	15	28	52	7	  
5	15	24	50	52	3	  
16	29	31	39	52	21	  
15	26	27	38	39	46	  
8	10	24	38	45	6	  
6	22	28	31	40	18	  
7	12	26	45	47	36	  
8	12	21	27	29	15	  
15	21	37	40	42	7	  
6	17	18	40	50	8	  
13	14	16	29	49	29	  
3	6	14	31	33	8	  
10	15	26	28	39	10	  
7	10	32	36	41	33	  
2	26	36	37	41	22	  
11	16	26	48	49	13	  
2	4	6	37	47	38	  
21	28	29	40	51	20	  
12	22	29	42	50	11	  
11	13	19	32	47	21	  
18	20	23	48	49	10	  
3	9	20	26	27	50	  
5	12	16	22	24	48	  
1	8	9	19	22	21	  
13	24	26	32	47	34	  
16	31	37	40	41	5	  
4	41	48	50	51	23	  
25	26	38	42	46	27	  
30	39	41	47	52	27	  
7	17	18	34	50	18	  
15	16	28	34	51	33	  
6	14	28	37	46	3	  
8	21	29	42	51	34	  
11	14	26	30	39	3	  	
8	24	39	43	52	43	  
10	14	41	46	49	52	  
3	7	21	29	49	46	  
2	13	14	24	46	34	  
3	5	9	16	31	28	  
4	8	30	36	52	48	  
1	15	19	40	51	26	  
8	25	33	42	49	40	  
3	21	27	31	43	34	  
11	16	19	22	46	5	  
7	16	20	40	52	8	  
6	17	44	49	51	39	  
3	28	45	48	50	24	  
17	19	37	47	48	14	  
2	7	16	28	36	47	  
5	10	22	23	43	37	  
9	10	14	41	49	35	  
8	15	34	39	47	4	  
16	20	26	36	48	32	  
10	31	40	48	51	38	  
6	20	27	34	51	22	  
9	11	17	26	41	29	  
18	34	43	47	50	25	  
10	42	43	45	51	1	  
7	21	30	32	37	15	  
23	27	30	33	36	5	  
8	32	34	42	50	21	  
1	2	4	5	46	8	  
7	10	19	26	44	5	  
24	32	37	40	51	12	  
4	6	10	21	25	21	  
31	39	42	49	51	35	  
8	23	36	49	51	10	  
6	31	32	42	51	42	  
2	5	11	18	45	22	  
5	19	20	45	48	44	  
2	13	20	23	43	6	  
22	31	33	44	52	43	  
3	10	15	18	25	52	  
7	17	23	43	44	26	  
2	6	38	40	50	14	  
10	16	23	28	31	7	  
2	6	22	27	44	1	  
20	27	28	37	49	32	  
10	12	29	32	38	7	  
7	15	24	37	46	9	  
10	24	35	49	52	47	  
13	19	23	38	47	15	  
26	29	31	44	48	40	  
11	20	26	29	41	41	  
14	22	32	35	44	6	  
18	31	49	50	51	4	  
4	18	21	27	41	50	  
13	18	32	39	49	6	  
6	13	18	27	45	18	  
4	8	32	37	43	2	  
5	6	9	33	44	52	  
14	22	27	28	42	13	  
3	25	29	30	48	48	  
12	28	45	46	52	47	  
6	21	22	29	32	24	  
2	4	32	44	52	36	  
4	28	39	41	44	9	  
15	18	25	33	47	30	  
23	30	36	44	47	28	  
1	7	35	38	49	10	  
2	22	26	39	40	11	  
2	21	27	35	49	8	  
4	5	9	26	42	20	  
11	12	21	39	44	1	  
3	27	31	45	47	3	  
3	4	26	40	46	4	  
7	10	25	26	27	23	  
6	13	14	17	41	6	  
1	15	17	21	41	4	  
8	21	35	47	50	15	  
34	37	38	39	42	21	  
15	26	28	35	44	30	  
1	15	17	22	40	22	  
7	12	19	35	41	34	  
17	28	31	35	37	7	  
5	10	22	34	45	2	  
4	8	20	29	47	5	  
13	15	31	36	49	18	  
2	13	15	21	46	3	  
13	17	37	49	50	36	  
6	19	22	40	44	27	  
4	11	37	40	44	9	  
25	27	37	40	48	1	  
2	19	41	45	47	24	  
2	6	10	26	29	33	  
3	13	19	40	47	13	  
5	11	30	33	43	12	  
4	15	17	23	33	29	  
4	21	30	33	48	34	  
9	23	29	32	45	30	  
1	12	35	37	49	1	  
1	2	9	26	27	6	  
4	8	32	41	49	20	  
4	5	21	24	38	21	  
14	17	25	32	46	30	  
7	12	24	34	37	35	  
16	24	39	45	50	36	  
21	29	30	32	42	20	  
20	29	34	35	48	23	  
3	16	18	19	43	9	  
3	12	29	37	47	16	  
6	27	28	29	42	36	  
18	22	24	32	47	2	  
5	6	13	20	46	15	  
17	21	22	24	30	7	  
7	8	20	21	42	5	  
1	22	25	43	46	10	  
3	4	38	42	49	31	  
11	16	38	41	45	23	  
4	7	8	38	46	36	  
3	10	23	35	42	9	  
5	17	21	31	41	13	  
3	11	15	22	38	2	  
10	11	15	35	39	14	  
7	9	29	46	49	33	  
16	19	22	26	45	9	  
24	32	34	38	46	2	  
1	24	28	33	47	25	  
15	16	19	26	47	23	  
4	12	17	22	49	22	  
13	17	21	26	34	5	  
3	7	18	23	34	23	  
7	14	22	41	46	1	  
1	9	16	21	25	14	  
7	13	29	32	48	3	  
1	30	34	36	50	3	  
11	14	18	33	48	22	  
2	21	27	28	45	3	  
3	11	33	41	49	21	  
11	18	31	37	46	16	  
26	29	32	33	43	36	  
4	7	8	12	38	16	  
10	29	39	47	50	35	  
2	10	23	26	38	26	  
4	11	14	45	49	29	  
1	9	16	28	46	24	  
1	22	27	28	35	26	  
4	12	35	36	42	6	  
5	28	31	35	47	19	  
4	11	21	41	44	2	  
4	6	8	22	28	14	  
28	29	43	46	47	3	  
5	6	10	13	20	15	  
14	34	38	43	47	15	  
17	22	27	37	49	18	  
24	35	37	45	50	35	  
3	8	17	28	50	15	  
3	12	22	39	46	1	  
5	24	26	40	41	7	  
5	9	12	28	48	5	  
1	2	7	22	44	34	  
5	21	37	43	50	34	  
1	12	30	38	42	23	  
1	6	23	30	39	20	  
8	9	10	18	49	21	  
1	22	30	34	46	2	  
23	27	36	49	50	1	  
5	18	36	44	49	35	  
5	22	23	24	35	30	  
12	13	17	20	22	33	  
8	10	13	31	43	28	  
7	19	30	38	41	5	  
7	14	19	24	43	30	  
11	12	19	21	26	19	  
19	21	29	31	50	25	  
11	24	27	35	47	22	  
4	13	15	16	25	19	  
3	6	30	38	44	12	  
1	4	27	29	31	5	  
2	5	11	32	36	24	  
4	12	14	24	44	21	  
16	27	36	39	47	12	  
17	22	27	32	42	33	  
4	9	10	16	45	30	  
4	5	25	39	45	14	  
4	31	38	45	48	9	  
20	23	25	27	42	6	  
6	10	26	39	40	28	  
11	30	39	41	43	34	  
14	22	38	42	43	10	  
11	17	38	41	42	24	  
2	10	12	15	27	17	  
2	24	26	31	41	34	  
13	23	24	25	42	22	  
1	5	14	27	37	3	  
3	18	21	36	50	6	  
9	32	37	42	46	13	  
9	10	24	30	31	35	  
30	31	35	46	47	23	  
1	12	14	16	22	26	  
5	17	32	34	48	5	  
6	23	25	30	31	5	  
5	17	22	39	40	30	  
1	8	20	37	45	17	  
6	7	12	23	43	27	  
4	6	16	31	36	19	  
7	8	13	35	50	28	  
6	15	23	26	50	6	  
4	24	35	44	48	32	  
1	3	9	40	42	32	  
7	8	11	12	13	12	  
9	15	21	22	29	24	  
4	29	32	35	44	19	  
14	35	40	43	50	12	  
12	34	36	39	40	16	  
25	30	39	40	50	8	  
1	14	28	38	47	24	  
23	27	29	43	45	30	  
4	8	30	46	48	1	  
15	25	28	38	47	5	  
15	18	30	48	49	8	  
20	21	32	39	46	2	  
15	25	28	40	46	17	  
5	8	20	38	46	3	  
12	14	25	31	37	22	  
26	32	39	40	46	18	  
22	29	35	38	47	27	  
5	15	22	23	43	23	  
7	16	22	34	36	34	  
21	29	33	39	44	24	  
8	9	14	24	41	23	  
30	36	37	42	46	4	  
9	16	41	43	48	2	  
2	13	20	39	43	31	  
5	23	29	30	39	8	  
12	17	36	38	44	16	  
16	25	32	33	40	4	  
8	10	30	32	40	18	  
2	13	31	41	44	3	  
6	11	26	28	36	6	  
8	10	28	34	35	17	  
2	6	10	26	39	3	  
4	11	18	27	38	23	  
10	12	20	33	40	30	  
31	39	43	45	48	28	  
4	9	26	30	31	4	  
4	17	31	37	47	9	  
34	35	37	47	48	12	  
6	16	18	34	41	2	  
5	23	38	45	50	26	  
15	16	22	28	39	33	  
2	14	19	24	28	7	  
23	32	38	48	50	20	  
5	9	14	31	47	22	  
10	13	16	25	26	21	  
2	7	16	21	45	3	  
16	18	33	43	46	34	  
11	13	15	31	41	16	  
3	4	25	43	48	17	  
21	22	27	28	42	24	  
19	20	24	36	38	17	  
24	29	32	47	49	2	  
3	25	29	31	33	20	  
9	16	39	46	47	15	  
12	21	34	40	41	7	  
9	11	13	23	49	11	  
1	16	22	26	38	1	  
11	12	24	33	35	4	  
4	5	6	17	23	2	  
6	7	25	34	45	2	  
4	30	36	37	42	35	  
5	24	26	39	44	3	  
4	11	40	42	50	18	  
8	10	11	29	40	32	  
9	34	42	46	50	35	  
16	24	37	38	40	26	  
9	11	34	48	50	13	  
12	27	28	40	48	25	  
1	2	12	33	37	4	  
6	8	16	30	32	26	  
3	33	36	42	43	13	  
5	28	29	32	49	29	  
1	12	17	22	41	12	  
14	15	34	42	44	8	  
26	42	48	49	50	27	  
2	17	24	39	40	29	  
1	11	31	38	45	12	  
1	6	9	17	34	18	  
4	17	23	35	39	9	  
3	6	7	17	43	18	  
2	18	35	38	43	20	  
14	31	42	46	50	28	  
5	21	33	42	46	1	  
17	29	37	41	50	14	  
1	8	9	22	47	27	  
1	2	26	39	43	7	  
4	16	30	44	49	29	  
2	5	14	38	47		4	  
2	5	22	36	40		19	  
2	14	45	48	49		10	  
33	35	36	40	43		11	  
1	8	15	21	37		25	  
2	6	7	13	26		25	  
5	27	36	37	42		20	  
20	24	29	42	44		33	  
26	28	37	39	44		15	  
14	15	31	47	49		32	  
4	42	43	45	48		34	  
6	10	19	24	38		20	  
4	8	12	37	45		21	  
13	15	29	34	41		23	  
1	9	28	41	45		22	  
16	18	28	37	39		7	  
1	9	23	39	41		15	  
11	14	27	39	42		33	  
4	17	32	38	46		26	  
9	11	21	40	50		11	  
32	38	40	44	50		27	  
2	3	29	46	47		31	  
8	15	28	30	44		24	  
6	21	27	38	43		21	  
18	24	25	26	32		13	  
22	26	27	38	44		27	  
12	15	19	24	49		8	  
1	4	5	22	47		23	  
17	21	22	33	38		34	  
1	5	9	13	19		3	  
1	18	28	36	42		19	  
10	27	29	37	46		31	  
20	26	27	40	45		22	  
12	13	26	40	42		27	  
15	23	28	33	47		9	  
6	10	30	31	35		14	  
17	20	23	29	33		20	  
24	32	37	47	48		19	  
3	5	33	36	40		29	  
3	30	32	35	37		5	  
15	19	29	40	41		7	  
11	23	27	38	45		32	  
15	17	36	37	45		15	  
15	20	32	33	47		25	  
9	13	15	38	41		3	  
8	22	34	40	48		4	  
22	25	29	45	47		17	  
7	16	18	35	47		23	  
25	29	30	42	47		32	  
1	2	6	15	49		4	  
16	20	31	32	48		6	  
4	5	6	39	46		20	  
24	29	37	47	48		2	  
3	21	26	27	40		15	  
5	23	25	47	49		24	  
9	13	21	23	41		17	  
5	15	27	44	47		7	  
11	12	28	29	45		35	  
2	19	30	45	46		31	  
13	27	32	43	50		2	  
16	18	20	21	50		20	  
4	40	42	43	48		8	  
8	13	20	44	47		21	  
2	5	25	34	40		17	  
6	10	24	26	37		6	  
9	25	27	31	32		24	  
2	6	7	17	18		1	  
1	22	33	40	43		2	  
16	20	22	34	36		29	  
7	20	23	26	33		15	  
6	26	39	40	47		8	  
4	11	17	31	44		32	  
2	28	34	36	48		35	  
4	21	40	44	48		31	  
1	13	34	37	50		5	  
1	6	19	27	42		25	  
5	7	13	17	43		12	  
18	31	45	48	49		15	  
2	5	24	33	39		12	  
1	3	13	37	42		23	  
5	6	9	27	50		25	  
12	35	36	38	39		30	  
1	15	26	37	41		13	  
5	11	14	27	41		18	  
1	6	25	37	42		27	  
11	22	29	35	41		30	  
12	21	30	35	49		15	  
5	20	32	42	46		26	  
1	23	25	29	39		5	  
1	8	10	38	42		36	  
3	12	27	38	39		17	  
11	12	17	18	41		6	  
1	7	10	16	36		36	  
13	19	21	39	40		8	  
14	27	41	44	47		10	  
12	17	22	33	44		25	  
8	25	26	28	35		25	  
4	5	27	33	41		9	  
14	15	20	47	50		35	  
16	18	29	44	47		32	  
17	23	37	46	49		28	  
6	11	19	33	40		19	  
22	32	37	38	41		3	  
3	4	10	22	48		21	  
3	20	26	29	36		16	  
3	31	35	42	46		34	  
6	26	31	44	48		1	  
3	13	27	30	44		27	  
1	7	16	36	40		10	  
3	10	13	36	49		14	  
8	11	16	27	34		8	  
3	6	14	21	24		9	  
2	8	14	21	27		33	  
6	14	23	31	33		13	  
4	9	12	32	47		27	  
5	8	10	44	50		33	  
7	16	20	23	36		22	  
21	25	26	35	49		12	  
17	18	28	42	48		8	  
5	7	9	20	46		2	  
5	21	23	26	37		3	  
4	31	32	34	43		19	  
11	19	28	43	48		5	  
3	5	7	28	35		10	  
6	8	17	21	31		10	  
17	21	33	42	44		9	  
10	21	25	34	48		24	  
7	18	36	38	41		24	  
11	13	42	44	50		24	  
1	11	25	28	35		1	  
7	16	28	30	43		4	  
16	21	30	32	44		15	  
4	8	20	41	44		6	  
14	15	17	33	43		17	  
20	40	48	49	50		17	  
28	36	38	43	50		10	  
5	7	18	26	45		15	  
3	10	17	23	35		23	  
7	21	29	46	48		16	  
1	9	32	35	50		1	  
12	16	22	38	46		20	  
12	13	17	25	43		22	  
13	20	27	28	33		20	  
6	9	10	22	28		19	  
6	7	14	18	33		8	  
12	24	30	43	44		1	  
1	23	30	47	50		2	  
1	3	13	15	22		18	  
2	6	8	26	39		8	  
1	8	18	27	38		24	  
20	23	36	46	50		9	  
1	37	43	44	45		24	  
15	22	23	40	50		12	  
11	26	30	37	38		20	  
21	31	34	35	43		4	  
1	14	24	25	26		24	  
11	19	25	34	47		10	  
9	23	24	37	44		24	  
1	21	28	43	45		17	  
2	27	33	37	44		21	  
6	16	19	28	48		11	  
9	10	11	12	48		18	  
6	10	14	17	22		17	  
7	31	35	44	48		18	  
7	11	32	44	46		19	  
3	4	6	26	40		10	  
3	10	23	33	46		8	  
5	10	14	18	49		25	  
7	15	18	31	35		19	  
3	7	8	11	20		25	  
13	24	35	39	44		24	  
5	7	15	33	48		13	  
19	24	28	29	38		6	  
5	9	27	39	48		25	  
5	36	38	39	46		1	  
5	21	41	43	48		10	  
20	25	30	41	47		5	  
2	7	13	17	33		22	  
1	11	13	14	23		22	  
11	17	20	23	25		15	  
2	23	24	29	48		9	  
4	9	13	24	27		24	  
5	18	20	30	36		10	  
9	19	28	30	31		19	  
3	35	36	43	47		10	  
1	13	29	35	50		24	  
18	25	32	46	47		12	  
12	21	31	47	50		2	  
3	37	41	42	48		9	  
14	20	28	37	39		14	  
25	33	35	40	45		17	  
8	20	22	35	50		17	  
2	17	29	35	46		16	  
10	13	14	29	45		6	  
15	17	20	25	29		21	  
8	18	19	36	44		1	  
6	18	20	32	50		12	  
6	7	10	26	32		18	  
9	11	33	35	40		16	  
27	32	46	47	49		7	  
8	29	38	47	50		3	  
16	22	35	39	44		9	  
13	15	29	36	47		24	  
15	16	27	36	45		1	  
15	18	19	37	39		6	  
13	23	24	39	42		10	  
1	3	8	31	47		3	  
7	19	24	28	32		21	  
2	34	37	41	42		16	  
21	31	33	37	42		3	  
24	26	28	29	42		22	  
2	11	40	42	48		14	  
9	11	12	17	19		13	  
2	25	26	35	40		25	  
3	17	22	23	36		1	  
2	12	14	27	47		17	  
4	9	15	23	29		1	  
3	4	29	35	45		7	  
4	17	26	32	41		17	  
4	5	13	24	33		11	  
1	6	23	31	48		20	  
7	21	31	32	45		14	  
1	18	40	41	49		8	  
10	15	16	17	50		25	  
3	6	8	20	30		25	  
10	23	25	40	42		7	  
4	20	27	29	39		11	  
2	5	16	18	42		11	  
12	16	22	24	45		18	  
13	24	26	32	44		16	  
2	7	18	25	36		17	  
2	25	31	32	45		16	  
22	34	35	37	45		3	  
12	21	31	43	45		14	  
5	11	14	23	47		7	  
5	14	34	49	50		16	  
26	31	32	43	46		1	  
5	19	28	29	40		4	  
14	15	25	26	42		3	  
9	18	24	37	42		25	  
6	8	11	24	30		4	  
17	21	27	42	47		21	  
3	5	34	35	36		3	  
17	34	38	39	44		13	  
4	7	33	42	44		25	  
6	34	35	40	50		25	  
17	36	44	46	48		18	  
8	12	21	32	50		17	  
1	3	37	42	46		21	  
3	4	10	42	46		15	  
5	6	22	38	43		3	  
2	8	20	22	32		8	  
1	23	25	39	43		19	  
2	3	5	40	49		19	  
2	4	13	17	29		11	  
12	13	16	29	36		11	  
4	13	20	24	36		14	  
12	31	32	34	37		9	  
1	11	22	45	47		8	  
4	10	13	22	49		20	  
8	21	22	35	48		12	  
1	43	47	48	50		17	  
5	10	19	38	41		21	  
4	6	11	25	43		10	  
11	19	36	38	46		2	  
18	19	24	29	42		5	  
3	8	19	28	47		15	  
7	13	15	22	26		21	  
4	10	27	30	38		15	  
8	11	13	20	37		12	  
12	17	27	30	39		7	  
4	11	33	35	43		21	  
4	25	30	33	47		6	  
5	8	23	45	48		17	  
10	30	33	35	36		1	  
6	18	20	25	33		16	  
7	15	36	43	44		8	  
15	20	32	42	47		3	  
1	14	27	46	50		22	  
6	8	14	32	35		19	  
2	4	5	33	47		22	  
11	23	25	35	46		17	  
2	10	28	39	49		17	  
23	28	30	35	43		9	  
9	18	24	26	46		18	  
2	23	37	40	50		22	  
8	16	18	36	38		1	  
8	25	35	37	48		8	  
5	24	31	34	48		6	  
3	4	9	30	47		1	  
5	11	29	47	50		17	  				
